$ANSIBLE_VAULT;1.1;AES256
65383362336634626266333662626362656564623564306662323235616663336364356132363266
3665633864323238333338373635663836313539363533310a633262396561333237653336323632
35633639393931323062323063396562313965386361653238633162393962363033373964356433
6530623835626166330a633362306430666232386134366239613966326234336536373338613964
31356539393839383765656332323564373533663938323838383230653434626462656633363339
61316239623530613032613530303334363666313263303336633632363031336465626465396631
34373132616434373333353166323237353637376366646234663132383434383438623839313762
63623361643562303337643731646465303633396632316139383233656334613332626335366433
63653865316562653061653962623933343939353637646365346531393531626362653065333630
65323935363139333138666432653136646233363764383339663937643137363466633235353632
62313063323639376132643937366232376565626365306436363531633937623532336332306535
34643739623333303164663134316233393131306237336533343965653263313834366532663238
62353135623334323161643336373238326465636530636536393665616238383231326237363164
36623637343936633062366331356463363861356138383862373131666661353638303862613462
64643062613436653033663036636437663037346632336431343363643166316332393261636366
32633663663266393462316531393735356237346563303234336235653938633633613339373762
34646139646264316431353564336439316263316132316237363263623864646462623766393231
32636130393263336263633737303337343630363462616137366532663965373166313262653463
31336536366135646661396333333762643265326233393134376131653532613230613035393635
34373036396133303432356439646164383563343037626165666264623938633032623063633366
64363232653233646562376433643363313238623831353363393431313538616437613366633161
63616631396331633734616365646164663965313634363231353962363633376233393731616534
36343261626362313738326339333931396239313635383038646135393731346533363962363738
38396235666131393333396363366335326533373034343932623066363237386462376330343335
38663962376439326137373539336237353738303835636138363637303735313735633432663962
35336666356535636562666338326430346465316335323631313265313565653163656336653163
37653663353932333430303735623663326532386334343137613436633761386466303161666337
63663531636535656534303565336434396562646664393163393338386235616366613561363066
65326465363666313233643738643737613264386139303138346162636332303463303730383264
34323266363761316464336231653964393638373236366163653762326161376637623861653630
35363162643634386431393436353034333336366138663361366563356231633764383631663333
30313261386133356365623363336162653536353333636535343939383637643535316637626165
65356134353561353639633931303731653530663939386237333334316565626661393936666463
31393135356336343238303663373562623231633537373133316665363064343336303966663764
31343464653338623730613562663361336264663064663238643662643833356332343938656334
31333238336339626432363737326565383739313764383263366237393233343635383738653537
30353762323864376663663237643635366266383362333330646661343463666236343263363936
37393662656337663936333037623638356432353936323764383066663062623339353639356338
35626166666263326636326532653430383832346435383735396534666561313031343863353835
66633236313532333163336437326237633537656139316431386635636266326634343866303132
37346465386161626537303230663834323166393431633230363730643466303739346630663135
33303530623937343931366266643438383263613462323237346636393136663834333239633830
39383037306439643730353061623661353361386230646337343764626332663438353433383866
62623964313133643164313439346563373062313031386132323138643661653133323062663562
35626637303231313132613463313065333131313532656631353366643836353732616339333031
61333237633861636262656562303839313337626431633130343639306439383237303035313735
37663936653639346265623738643631336331623964396362393030643138666563386466333366
61316461353033366265326134383230646362363433396634643435326237373361383765336334
33653134623839336633646265366337303133303666643239373836396531633437646664336434
30386335623730346238663330633430373434613765633035346233313032346164363832333337
37623266386335616638386630656162363238343866663336656634646637303337396331653064
33313237666536323266326337303438316635643539656530633938343935386134656130656332
65623462373230346365396363656633336439336638383138613332323837333535636237653435
63316338313266336136656465366134333965363439303130623533303936636264613330376433
61363231333066393230623132636333393636323534613232303933643464323930383936353734
66663963323830396235623936343639373139366534353735666664623366616633653234666562
32616361613263633337616665613737646666653032306565366266383337303166323836303236
66666461643639656139653765656233353232373333346335653561376436333366316566663663
36393331303234383332633236616336356564383832616630353034316164396164303037633038
65646463356537633834636564626633643063323932616437313962653237653637326166353836
31623130376366313936386162643866643863633262383731376533306337373736353938373761
66323164356161366164646433613262656161663766393563303865363161633631383962336666
31636163336562383963313261363339373833333139376634323033333238656465643233346336
34646664633265323439303864393063633939383439643863303164373963643762613831633063
38373366393433643831643639396565333261316237636432616635643332316430656533653536
30383532316538376332653836363266363634363533383534663930343433666431336634303235
36363266326666353063623261333462666665356535383961613231663335393132383539323562
34366365306163343639373130633166356239363263376639633635363864326534623134343530
38313562316164336666626263643534343034333166346462666430636632386463323766313536
61383938623233653365313235633462663262653830356435656162616132613432643466336336
37616562323731633034333531616538373361373865383863636232636339663339363965626237
38396638393265353664353030373765653032373138646661303031623162386666396138666632
37623631366261326265623732383237313732353739303633303534393637316439393366323036
66376533303036363232303334376361343565363434653131613963656339383138633732643231
39373637353533623332386230353363623833343264306630396230323363653564303666353338
33393333386631383162653165613038626535663766666230383139353837633230313562393137
38666166643032383363366532396633613262623362396637363238313362316136643837333663
38396239333030623930663034663538346663356261343862623163623932666136353738366366
36353566343034376261313763653935376632383634323535343531373461383639643833376163
36336638343634356231366333663736306634326331393934393436333962303230626537326539
64646466353533633863383733373032333430383331323839333537653066396164353463363031
37333563356365316231353665313662636661643238613462323361376563326262646361386561
35303636363637323963343633643963396139383433313661626163336563353632376261383438
34306239613165396636656262356335616134373632306133613232613436356338396336373739
38386662356431313063363439353762653435326264653733346537653661323966
